2015-01-01T17:00:00.0000		2014-12-24T13:52:35.406773	189.1298	89.6732	115505611	13647865	5	-119	0	0	ucb-ahn	243	Off	16.555	2.00	330.00	8.21	7.74	7.55	0.000	0.000	0.297	0.254	0.010	-0.006	Closed	ControllerReady
2015-01-01T17:00:01.0570		2014-12-24T13:52:35.406773	189.1297	89.6732	115505612	13647905	2	111	0	0	ucb-ahn	243	Off	16.555	2.00	330.00	8.21	7.74	7.55	0.000	0.000	0.297	0.254	0.010	-0.006	Closed	ControllerReady
2015-01-01T17:00:02.1137		2014-12-24T13:52:35.406773	189.1296	89.6732	115505610	13647959	7	270	0	0	ucb-ahn	243	Off	16.555	2.00	330.00	8.21	7.74	7.55	0.000	0.000	0.297	0.254	0.010	-0.006	Closed	ControllerReady
2015-01-01T17:00:04.0934		2014-12-24T13:52:35.406773	189.1297	89.6732	115505610	13647887	9	30	0	0	ucb-ahn	243	Off	16.555	2.00	330.00	8.21	7.74	7.55	0.000	0.000	0.297	0.254	0.010	-0.006	Closed	ControllerReady
2015-01-01T17:00:05.1432		2014-12-24T13:52:35.406773	189.1297	89.6732	115505610	13647898	-3	79	0	0	ucb-ahn	243	Off	16.555	2.00	330.00	8.21	7.73	7.54	0.000	0.000	0.297	0.254	0.010	-0.006	Closed	ControllerReady
2015-01-01T17:00:07.0867		2014-12-24T13:52:35.406773	189.1297	89.6732	115505611	13647893	3	31	0	0	ucb-ahn	243	Off	16.555	2.00	330.00	8.21	7.73	7.54	0.000	0.000	0.297	0.254	0.010	-0.006	Closed	ControllerReady
2015-01-01T17:00:08.0872		2014-12-24T13:52:35.406773	189.1299	89.6731	115505611	13647860	4	71	0	0	ucb-ahn	243	Off	16.555	2.00	330.00	8.21	7.73	7.54	0.000	0.000	0.297	0.254	0.010	-0.006	Closed	ControllerReady
2015-01-01T17:00:09.9234		2014-12-24T13:52:35.406773	189.1297	89.6732	115505610	13647881	-3	-62	0	0	ucb-ahn	243	Off	16.555	2.00	330.00	8.21	7.73	7.57	0.000	0.000	0.297	0.254	0.010	-0.006	Closed	ControllerReady
2015-01-01T17:00:11.0724		2014-12-24T13:52:35.406773	189.1296	89.6732	115505610	13647879	-7	-21	0	0	ucb-ahn	243	Off	16.555	2.00	330.00	8.21	7.75	7.57	0.000	0.000	0.297	0.254	0.010	-0.006	Closed	ControllerReady
2015-01-01T17:00:12.0986		2014-12-24T13:52:35.406773	189.1296	89.6732	115505611	13647943	0	160	0	0	ucb-ahn	243	Off	16.555	2.00	330.00	8.21	7.75	7.57	0.000	0.000	0.297	0.254	0.010	-0.006	Closed	ControllerReady
2015-01-01T17:00:13.1580		2014-12-24T13:52:35.406773	189.1298	89.6732	115505610	13647881	-1	-34	0	0	ucb-ahn	243	Off	16.555	2.00	330.00	8.21	7.75	7.57	0.000	0.000	0.297	0.254	0.010	-0.006	Closed	ControllerReady
2015-01-01T17:00:14.9287		2014-12-24T13:52:35.406773	189.1297	89.6732	115505612	13647895	8	-54	0	0	ucb-ahn	243	Off	16.555	2.00	330.00	8.21	7.75	7.57	0.000	0.000	0.297	0.254	0.010	-0.006	Closed	ControllerReady
2015-01-01T17:00:16.0868		2014-12-24T13:52:35.406773	189.1297	89.6732	115505611	13647920	4	188	0	0	ucb-ahn	243	Off	16.555	2.00	330.00	8.21	7.72	7.56	0.000	0.000	0.297	0.254	0.010	-0.006	Closed	ControllerReady
2015-01-01T17:00:18.1185		2014-12-24T13:52:35.406773	189.1298	89.6732	115505611	13647870	3	113	0	0	ucb-ahn	243	Off	16.555	2.00	330.00	8.21	7.72	7.56	0.000	0.000	0.297	0.254	0.010	-0.006	Closed	ControllerReady
2015-01-01T17:00:19.9310		2014-12-24T13:52:35.406773	189.1297	89.6732	115505612	13647913	9	4	0	0	ucb-ahn	243	Off	16.555	2.00	330.00	8.21	7.72	7.56	0.000	0.000	0.297	0.254	0.010	-0.006	Closed	ControllerReady
2015-01-01T17:00:21.0752		2014-12-24T13:52:35.406773	189.1297	89.6732	115505610	13647874	-2	46	0	0	ucb-ahn	243	Off	16.555	2.00	330.00	8.21	7.73	7.56	0.000	0.000	0.297	0.254	0.010	-0.006	Closed	ControllerReady
2015-01-01T17:00:22.0942		2014-12-24T13:52:35.406773	189.1297	89.6732	115505611	13647874	4	-1	0	0	ucb-ahn	243	Off	16.555	2.00	330.00	8.21	7.73	7.56	0.000	0.000	0.297	0.254	0.010	-0.006	Closed	ControllerReady
2015-01-01T17:00:23.1133		2014-12-24T13:52:35.406773	189.1297	89.6732	115505609	13647911	4	6	0	0	ucb-ahn	243	Off	16.555	2.00	330.00	8.21	7.73	7.56	0.000	0.000	0.297	0.254	0.010	-0.006	Closed	ControllerReady
2015-01-01T17:00:24.9275		2014-12-24T13:52:35.406773	189.1297	89.6732	115505610	13647894	1	-6	0	0	ucb-ahn	243	Off	16.555	2.00	330.00	8.21	7.73	7.55	0.000	0.000	0.297	0.254	0.010	-0.006	Closed	ControllerReady
2015-01-01T17:00:26.0811		2014-12-24T13:52:35.406773	189.1298	89.6732	115505610	13647920	-3	16	0	0	ucb-ahn	243	Off	16.555	2.00	330.00	8.21	7.74	7.55	0.000	0.000	0.297	0.254	0.010	-0.006	Closed	ControllerReady
2015-01-01T17:00:27.4395		2014-12-24T13:52:35.406773	189.1296	89.6732	115505611	13647952	6	202	0	0	ucb-ahn	243	Off	16.555	2.00	330.00	8.21	7.74	7.55	0.000	0.000	0.297	0.254	0.010	-0.006	Closed	ControllerReady
2015-01-01T17:00:29.0964		2014-12-24T13:52:35.406773	189.1298	89.6732	115505610	13647859	7	-209	0	0	ucb-ahn	243	Off	16.555	2.00	330.00	8.21	7.74	7.55	0.000	0.000	0.297	0.254	0.010	-0.006	Closed	ControllerReady
2015-01-01T17:00:30.6232		2014-12-24T13:52:35.406773	189.1296	89.6731	115505609	13647907	-5	-17	0	0	ucb-ahn	243	Off	16.555	2.00	330.00	8.22	7.74	7.56	0.000	0.000	0.297	0.254	0.010	-0.006	Closed	ControllerReady
2015-01-01T17:00:32.0953		2014-12-24T13:52:35.406773	189.1296	89.6732	115505611	13647935	-1	113	0	0	ucb-ahn	243	Off	16.555	2.00	330.00	8.22	7.74	7.56	0.000	0.000	0.297	0.254	0.010	-0.006	Closed	ControllerReady
2015-01-01T17:00:33.3632		2014-12-24T13:52:35.406773	189.1297	89.6732	115505610	13647881	-2	-52	0	0	ucb-ahn	243	Off	16.555	2.00	330.00	8.22	7.74	7.56	0.000	0.000	0.297	0.254	0.010	-0.006	Closed	ControllerReady
2015-01-01T17:00:34.4106		2014-12-24T13:52:35.406773	189.1297	89.6732	115505612	13647882	-2	24	0	0	ucb-ahn	243	Off	16.555	2.00	330.00	8.22	7.74	7.56	0.000	0.000	0.297	0.254	0.010	-0.006	Closed	ControllerReady
2015-01-01T17:00:36.0702		2014-12-24T13:52:35.406773	189.1296	89.6732	115505611	13647950	0	196	0	0	ucb-ahn	243	Off	16.555	2.00	330.00	8.22	7.75	7.54	0.000	0.000	0.297	0.254	0.010	-0.006	Closed	ControllerReady
2015-01-01T17:00:37.0822		2014-12-24T13:52:35.406773	189.1297	89.6732	115505610	13647916	0	174	0	0	ucb-ahn	243	Off	16.555	2.00	330.00	8.22	7.75	7.54	0.000	0.000	0.297	0.254	0.010	-0.006	Closed	ControllerReady
2015-01-01T17:00:38.0861		2014-12-24T13:52:35.406773	189.1296	89.6732	115505612	13647934	-3	159	0	0	ucb-ahn	243	Off	16.555	2.00	330.00	8.22	7.75	7.54	0.000	0.000	0.297	0.254	0.010	-0.006	Closed	ControllerReady
2015-01-01T17:00:39.9267		2014-12-24T13:52:35.406773	189.1297	89.6732	115505611	13647908	2	-25	0	0	ucb-ahn	243	Off	16.555	2.00	330.00	8.21	7.75	7.54	0.000	0.000	0.297	0.254	0.010	-0.006	Closed	ControllerReady
2015-01-01T17:00:41.0603		2014-12-24T13:52:35.406773	189.1298	89.6732	115505609	13647855	-3	-10	0	0	ucb-ahn	243	Off	16.555	2.00	330.00	8.21	7.73	7.55	0.000	0.000	0.297	0.254	0.010	-0.006	Closed	ControllerReady
2015-01-01T17:00:42.1007		2014-12-24T13:52:35.406773	189.1296	89.6732	115505611	13647843	-7	-19	0	0	ucb-ahn	243	Off	16.555	2.00	330.00	8.21	7.73	7.55	0.000	0.000	0.297	0.254	0.010	-0.006	Closed	ControllerReady
2015-01-01T17:00:43.2978		2014-12-24T13:52:35.406773	189.1296	89.6732	115505609	13647897	-4	77	0	0	ucb-ahn	243	Off	16.555	2.00	330.00	8.21	7.73	7.55	0.000	0.000	0.297	0.254	0.010	-0.006	Closed	ControllerReady
2015-01-01T17:00:44.9133		2014-12-24T13:52:35.406773	189.1297	89.6732	115505611	13647910	3	-46	0	0	ucb-ahn	243	Off	16.555	2.00	330.00	8.21	7.73	7.55	0.000	0.000	0.297	0.254	0.010	-0.006	Closed	ControllerReady
2015-01-01T17:00:46.0791		2014-12-24T13:52:35.406773	189.1297	89.6732	115505609	13647885	-1	-115	0	0	ucb-ahn	243	Off	16.555	2.00	330.00	8.21	7.74	7.56	0.000	0.000	0.297	0.254	0.010	-0.006	Closed	ControllerReady
2015-01-01T17:00:47.0919		2014-12-24T13:52:35.406773	189.1299	89.6731	115505611	13647830	-6	-143	0	0	ucb-ahn	243	Off	16.555	2.00	308.00	8.21	7.74	7.56	0.000	0.000	0.297	0.254	0.010	-0.006	Closed	ControllerReady
2015-01-01T17:00:48.1661		2014-12-24T13:52:35.406773	189.1297	89.6733	115505610	13647884	-2	32	0	0	ucb-ahn	243	Off	16.555	2.00	308.00	8.21	7.74	7.56	0.000	0.000	0.297	0.254	0.010	-0.006	Closed	ControllerReady
2015-01-01T17:00:49.9315		2014-12-24T13:52:35.406773	189.1294	89.6733	115505612	13648005	6	476	0	0	ucb-ahn	243	Off	16.555	2.00	308.00	8.21	7.74	7.55	0.000	0.000	0.297	0.254	0.010	-0.006	Closed	ControllerReady
2015-01-01T17:00:51.0686		2014-12-24T13:52:35.406773	189.1296	89.6732	115505612	13647948	-5	112	0	0	ucb-ahn	243	Off	16.555	2.00	308.00	8.21	7.73	7.55	0.000	0.000	0.297	0.254	0.010	-0.006	Closed	ControllerReady
2015-01-01T17:00:52.1016		2014-12-24T13:52:35.406773	189.1298	89.6732	115505610	13647857	8	-211	0	0	ucb-ahn	243	Off	16.555	2.00	308.00	8.21	7.73	7.55	0.000	0.000	0.297	0.254	0.010	-0.006	Closed	ControllerReady
2015-01-01T17:00:53.1052		2014-12-24T13:52:35.406773	189.1298	89.6732	115505611	13647854	3	-175	0	0	ucb-ahn	243	Off	16.555	2.00	308.00	8.21	7.73	7.55	0.000	0.000	0.297	0.254	0.010	-0.006	Closed	ControllerReady
2015-01-01T17:00:54.9296		2014-12-24T13:52:35.406773	189.1298	89.6732	115505612	13647896	6	56	0	0	ucb-ahn	243	Off	16.555	2.00	308.00	8.22	7.73	7.55	0.000	0.000	0.297	0.254	0.010	-0.006	Closed	ControllerReady
2015-01-01T17:00:56.0653		2014-12-24T13:52:35.406773	189.1298	89.6732	115505610	13647860	-6	-87	0	0	ucb-ahn	243	Off	16.555	2.00	308.00	8.22	7.75	7.55	0.000	0.000	0.297	0.254	0.010	-0.006	Closed	ControllerReady
2015-01-01T17:00:57.0738		2014-12-24T13:52:35.406773	189.1298	89.6732	115505610	13647863	-3	-47	0	0	ucb-ahn	243	Off	16.555	2.00	308.00	8.22	7.75	7.55	0.000	0.000	0.297	0.254	0.010	-0.006	Closed	ControllerReady
2015-01-01T17:00:58.0744		2014-12-24T13:52:35.406773	189.1297	89.6732	115505612	13647905	7	-77	0	0	ucb-ahn	243	Off	16.555	2.00	308.00	8.22	7.75	7.55	0.000	0.000	0.297	0.254	0.010	-0.006	Closed	ControllerReady
2015-01-01T17:00:59.1043		2014-12-24T13:52:35.406773	189.1297	89.6732	115505610	13647905	7	32	0	0	ucb-ahn	243	Off	16.555	2.00	308.00	8.22	7.75	7.55	0.000	0.000	0.297	0.254	0.010	-0.006	Closed	ControllerReady
2015-01-01T17:01:00.1925		2014-12-24T13:52:35.406773	189.1296	89.6732	115505611	13647925	3	27	0	0	ucb-ahn	243	Off	16.555	2.00	308.00	8.21	7.74	7.54	0.000	0.000	0.297	0.254	0.010	-0.006	Closed	ControllerReady
2015-01-01T17:01:01.3008		2014-12-24T13:52:35.406773	189.1297	89.6732	115505611	13647908	1	80	0	0	ucb-ahn	243	Off	16.555	2.00	308.00	8.21	7.74	7.54	0.000	0.000	0.297	0.254	0.010	-0.006	Closed	ControllerReady
2015-01-01T17:01:03.0557		2014-12-24T13:52:35.406773	189.1298	89.6732	115505612	13647857	-3	-281	0	0	ucb-ahn	243	Off	16.555	2.00	308.00	8.21	7.74	7.54	0.000	0.000	0.297	0.254	0.010	-0.006	Closed	ControllerReady
2015-01-01T17:01:04.0929		2014-12-24T13:52:35.406773	189.1298	89.6732	115505612	13647898	11	-274	0	0	ucb-ahn	243	Off	16.555	2.00	308.00	8.21	7.74	7.54	0.000	0.000	0.297	0.254	0.010	-0.006	Closed	ControllerReady
2015-01-01T17:01:05.0936		2014-12-24T13:52:35.406773	189.1296	89.6732	115505608	13647943	-11	-79	0	0	ucb-ahn	243	Off	16.555	2.00	308.00	8.21	7.75	7.56	0.000	0.000	0.297	0.254	0.010	-0.006	Closed	ControllerReady
2015-01-01T17:01:07.1605		2014-12-24T13:52:35.406773	189.1295	89.6732	115505611	13647975	4	298	0	0	ucb-ahn	243	Off	16.555	2.00	308.00	8.21	7.75	7.56	0.000	0.000	0.297	0.254	0.010	-0.006	Closed	ControllerReady
2015-01-01T17:01:08.3906		2014-12-24T13:52:35.406773	189.1297	89.6732	115505610	13647957	-4	297	0	0	ucb-ahn	243	Off	16.555	2.00	308.00	8.21	7.75	7.56	0.000	0.000	0.297	0.254	0.010	-0.006	Closed	ControllerReady
2015-01-01T17:01:09.9251		2014-12-24T13:52:35.406773	189.1297	89.6732	115505609	13647908	-6	-5	0	0	ucb-ahn	243	Off	16.555	2.00	308.00	8.21	7.75	7.55	0.000	0.000	0.297	0.254	0.010	-0.006	Closed	ControllerReady
2015-01-01T17:01:11.0626		2014-12-24T13:52:35.406773	189.1297	89.6732	115505611	13647879	2	-55	0	0	ucb-ahn	243	Off	16.555	2.00	308.00	8.21	7.74	7.55	0.000	0.000	0.297	0.254	0.010	-0.006	Closed	ControllerReady
2015-01-01T17:01:12.0658		2014-12-24T13:52:35.406773	189.1297	89.6732	115505609	13647900	-7	14	0	0	ucb-ahn	243	Off	16.555	2.00	308.00	8.21	7.74	7.55	0.000	0.000	0.297	0.254	0.010	-0.006	Closed	ControllerReady
2015-01-01T17:01:13.3709		2014-12-24T13:52:35.406773	189.1299	89.6732	115505611	13647855	3	-91	0	0	ucb-ahn	243	Off	16.555	2.00	308.00	8.21	7.74	7.55	0.000	0.000	0.297	0.254	0.010	-0.006	Closed	ControllerReady
2015-01-01T17:01:14.9306		2014-12-24T13:52:35.406773	189.1299	89.6731	115505611	13647817	-3	-266	0	0	ucb-ahn	243	Off	16.555	2.00	308.00	8.21	7.74	7.55	0.000	0.000	0.297	0.254	0.010	-0.006	Closed	ControllerReady
2015-01-01T17:01:16.0688		2014-12-24T13:52:35.406773	189.1298	89.6732	115505610	13647859	1	-171	0	0	ucb-ahn	243	Off	16.555	2.00	308.00	8.21	7.73	7.55	0.000	0.000	0.297	0.254	0.010	-0.006	Closed	ControllerReady
2015-01-01T17:01:17.0891		2014-12-24T13:52:35.406773	189.1297	89.6732	115505612	13647899	-3	-39	0	0	ucb-ahn	243	Off	16.555	2.00	308.00	8.21	7.73	7.55	0.000	0.000	0.297	0.254	0.010	-0.006	Closed	ControllerReady
2015-01-01T17:01:19.0773		2014-12-24T13:52:35.406773	189.1298	89.6732	115505610	13647862	-8	-14	0	0	ucb-ahn	243	Off	16.555	2.00	308.00	8.21	7.73	7.55	0.000	0.000	0.297	0.254	0.010	-0.006	Closed	ControllerReady
2015-01-01T17:01:21.0473		2014-12-24T13:52:35.406773	189.1298	89.6732	115505611	13647921	2	145	0	0	ucb-ahn	243	Off	16.555	2.00	308.00	8.21	7.73	7.56	0.000	0.000	0.297	0.254	0.010	-0.006	Closed	ControllerReady
2015-01-01T17:01:22.0702		2014-12-24T13:52:35.406773	189.1298	89.6732	115505611	13647847	6	-174	0	0	ucb-ahn	243	Off	16.555	2.00	308.00	8.21	7.73	7.56	0.000	0.000	0.297	0.254	0.010	-0.006	Closed	ControllerReady
2015-01-01T17:01:23.0751		2014-12-24T13:52:35.406773	189.1297	89.6732	115505608	13647851	3	-239	0	0	ucb-ahn	243	Off	16.555	2.00	308.00	8.21	7.73	7.56	0.000	0.000	0.297	0.254	0.010	-0.006	Closed	ControllerReady
2015-01-01T17:01:24.9169		2014-12-24T13:52:35.406773	189.1299	89.6732	115505610	13647823	-2	-311	0	0	ucb-ahn	243	Off	16.555	2.00	308.00	8.21	7.73	7.56	0.000	0.000	0.297	0.254	0.010	-0.006	Closed	ControllerReady
2015-01-01T17:01:25.9537		2014-12-24T13:52:35.406773	189.1297	89.6732	115505609	13647849	-7	-100	0	0	ucb-ahn	243	Off	16.555	2.00	308.00	8.21	7.74	7.55	0.000	0.000	0.297	0.254	0.010	-0.006	Closed	ControllerReady
2015-01-01T17:01:27.0629		2014-12-24T13:52:35.406773	189.1297	89.6732	115505611	13647872	2	-67	0	0	ucb-ahn	243	Off	16.555	2.00	308.00	8.21	7.74	7.55	0.000	0.000	0.297	0.254	0.010	-0.006	Closed	ControllerReady
2015-01-01T17:01:28.0960		2014-12-24T13:52:35.406773	189.1297	89.6732	115505611	13647892	1	-42	0	0	ucb-ahn	243	Off	16.555	2.00	308.00	8.21	7.74	7.55	0.000	0.000	0.297	0.254	0.010	-0.006	Closed	ControllerReady
2015-01-01T17:01:29.1090		2014-12-24T13:52:35.406773	189.1297	89.6732	115505610	13647864	-4	-58	0	0	ucb-ahn	243	Off	16.555	2.00	308.00	8.21	7.74	7.55	0.000	0.000	0.297	0.254	0.010	-0.006	Closed	ControllerReady
2015-01-01T17:01:30.3010		2014-12-24T13:52:35.406773	189.1296	89.6732	115505610	13647876	0	-79	0	0	ucb-ahn	243	Off	16.555	2.00	308.00	8.22	7.73	7.55	0.000	0.000	0.297	0.254	0.010	-0.006	Closed	ControllerReady
2015-01-01T17:01:31.9806		2014-12-24T13:52:35.406773	189.1296	89.6732	115505610	13647915	-2	117	0	0	ucb-ahn	243	Off	16.555	2.00	308.00	8.22	7.73	7.55	0.000	0.000	0.297	0.254	0.010	-0.006	Closed	ControllerReady
2015-01-01T17:01:33.0934		2014-12-24T13:52:35.406773	189.1296	89.6732	115505610	13647926	5	135	0	0	ucb-ahn	243	Off	16.555	2.00	308.00	8.22	7.73	7.55	0.000	0.000	0.297	0.254	0.010	-0.006	Closed	ControllerReady
2015-01-01T17:01:34.7025		2014-12-24T13:52:35.406773	189.1297	89.6732	115505612	13647868	9	-106	0	0	ucb-ahn	243	Off	16.555	2.00	308.00	8.22	7.73	7.55	0.000	0.000	0.297	0.254	0.010	-0.006	Closed	ControllerReady
2015-01-01T17:01:36.0856		2014-12-24T13:52:35.406773	189.1297	89.6732	115505610	13647907	5	3	0	0	ucb-ahn	243	Off	16.555	2.00	308.00	8.21	7.74	7.55	0.000	0.000	0.297	0.254	0.010	-0.006	Closed	ControllerReady
2015-01-01T17:01:38.0759		2014-12-24T13:52:35.406773	189.1297	89.6732	115505612	13647904	2	73	0	0	ucb-ahn	243	Off	16.555	2.00	308.00	8.21	7.74	7.55	0.000	0.000	0.297	0.254	0.010	-0.006	Closed	ControllerReady
2015-01-01T17:01:39.0906		2014-12-24T13:52:35.406773	189.1298	89.6732	115505610	13647869	5	-33	0	0	ucb-ahn	243	Off	16.555	2.00	308.00	8.21	7.74	7.55	0.000	0.000	0.297	0.254	0.010	-0.006	Closed	ControllerReady
2015-01-01T17:01:40.1418		2014-12-24T13:52:35.406773	189.1294	89.6732	115505611	13647961	3	304	0	0	ucb-ahn	243	Off	16.555	2.00	308.00	8.22	7.74	7.55	0.000	0.000	0.297	0.254	0.010	-0.006	Closed	ControllerReady
2015-01-01T17:01:41.8315		2014-12-24T13:52:35.406773	189.1295	89.6732	115505611	13647961	3	205	0	0	ucb-ahn	243	Off	16.555	2.00	308.00	8.22	7.74	7.55	0.000	0.000	0.297	0.254	0.010	-0.006	Closed	ControllerReady
2015-01-01T17:01:43.0840		2014-12-24T13:52:35.406773	189.1297	89.6732	115505611	13647879	-4	-81	0	0	ucb-ahn	243	Off	16.555	2.00	308.00	8.22	7.74	7.55	0.000	0.000	0.297	0.254	0.010	-0.006	Closed	ControllerReady
2015-01-01T17:01:44.9206		2014-12-24T13:52:35.406773	189.1297	89.6732	115505611	13647881	1	-62	0	0	ucb-ahn	243	Off	16.555	2.00	308.00	8.22	7.74	7.55	0.000	0.000	0.297	0.254	0.010	-0.006	Closed	ControllerReady
2015-01-01T17:01:46.0583		2014-12-24T13:52:35.406773	189.1297	89.6732	115505610	13647866	3	-208	0	0	ucb-ahn	243	Off	16.555	2.00	308.00	8.22	7.74	7.54	0.000	0.000	0.297	0.254	0.010	-0.006	Closed	ControllerReady
2015-01-01T17:01:47.0969		2014-12-24T13:52:35.406773	189.1296	89.6732	115505607	13647899	-1	-43	0	0	ucb-ahn	243	Off	16.555	2.00	308.00	8.22	7.74	7.54	0.000	0.000	0.297	0.254	0.010	-0.006	Closed	ControllerReady
2015-01-01T17:01:49.1132		2014-12-24T13:52:35.406773	189.1296	89.6732	115505610	13647913	-6	1	0	0	ucb-ahn	243	Off	16.555	2.00	308.00	8.22	7.74	7.54	0.000	0.000	0.297	0.254	0.010	-0.006	Closed	ControllerReady
2015-01-01T17:01:51.1072		2014-12-24T13:52:35.406773	189.1296	89.6732	115505610	13647935	-4	144	0	0	ucb-ahn	243	Off	16.555	4.00	308.00	8.22	7.72	7.55	0.000	0.000	0.297	0.254	0.010	-0.006	Closed	ControllerReady
2015-01-01T17:01:53.1142		2014-12-24T13:52:35.406773	189.1297	89.6732	115505611	13647867	8	-64	0	0	ucb-ahn	243	Off	16.555	4.00	308.00	8.22	7.72	7.55	0.000	0.000	0.297	0.254	0.010	-0.006	Closed	ControllerReady
2015-01-01T17:01:54.9259		2014-12-24T13:52:35.406773	189.1297	89.6732	115505611	13647870	3	-203	0	0	ucb-ahn	243	Off	16.555	4.00	308.00	8.22	7.72	7.55	0.000	0.000	0.297	0.254	0.010	-0.006	Closed	ControllerReady
2015-01-01T17:01:56.0730		2014-12-24T13:52:35.406773	189.1296	89.6732	115505610	13647923	8	117	0	0	ucb-ahn	243	Off	16.555	4.00	308.00	8.22	7.75	7.55	0.000	0.000	0.297	0.254	0.010	-0.006	Closed	ControllerReady
2015-01-01T17:01:57.0978		2014-12-24T13:52:35.406773	189.1296	89.6732	115505610	13647903	-2	125	0	0	ucb-ahn	243	Off	16.555	4.00	308.00	8.22	7.75	7.55	0.000	0.000	0.297	0.254	0.010	-0.006	Closed	ControllerReady
2015-01-01T17:01:58.8374		2014-12-24T13:52:35.406773	189.1297	89.6732	115505612	13647874	5	63	0	0	ucb-ahn	243	Off	16.555	4.00	308.00	8.22	7.75	7.55	0.000	0.000	0.297	0.254	0.010	-0.006	Closed	ControllerReady
2015-01-01T17:01:59.9167		2014-12-24T13:52:35.406773	189.1297	89.6732	115505610	13647912	-2	162	0	0	ucb-ahn	243	Off	16.555	4.00	308.00	8.22	7.75	7.56	0.000	0.000	0.297	0.254	0.010	-0.006	Closed	ControllerReady
2015-01-01T17:02:00.9478		2014-12-24T13:52:35.406773	189.1296	89.6732	115505610	13647886	-2	-26	0	0	ucb-ahn	243	Off	16.555	4.00	308.00	8.22	7.73	7.56	0.000	0.000	0.297	0.254	0.010	-0.006	Closed	ControllerReady
2015-01-01T17:02:02.0791		2014-12-24T13:52:35.406773	189.1296	89.6732	115505614	13647912	6	114	0	0	ucb-ahn	243	Off	16.555	4.00	308.00	8.22	7.73	7.56	0.000	0.000	0.297	0.254	0.010	-0.006	Closed	ControllerReady
2015-01-01T17:02:04.0717		2014-12-24T13:52:35.406773	189.1297	89.6732	115505612	13647880	5	-38	0	0	ucb-ahn	243	Off	16.555	4.00	308.00	8.22	7.73	7.56	0.000	0.000	0.297	0.254	0.010	-0.006	Closed	ControllerReady
2015-01-01T17:02:06.0663		2014-12-24T13:52:35.406773	189.1296	89.6732	115505613	13647917	12	-4	0	0	ucb-ahn	243	Off	16.555	4.00	308.00	8.22	7.75	7.56	0.000	0.000	0.297	0.254	0.010	-0.006	Closed	ControllerReady
2015-01-01T17:02:07.0720		2014-12-24T13:52:35.406773	189.1297	89.6733	115505611	13647895	12	-101	0	0	ucb-ahn	243	Off	16.555	4.00	308.00	8.22	7.75	7.56	0.000	0.000	0.297	0.254	0.010	-0.006	Closed	ControllerReady
2015-01-01T17:02:08.0802		2014-12-24T13:52:35.406773	189.1295	89.6733	115505609	13647968	5	317	0	0	ucb-ahn	243	Off	16.555	4.00	308.00	8.22	7.75	7.56	0.000	0.000	0.297	0.254	0.010	-0.006	Closed	ControllerReady
2015-01-01T17:02:09.1043		2014-12-24T13:52:35.406773	189.1296	89.6732	115505613	13647919	13	52	0	0	ucb-ahn	243	Off	16.555	4.00	308.00	8.22	7.75	7.56	0.000	0.000	0.297	0.254	0.010	-0.006	Closed	ControllerReady
2015-01-01T17:02:10.1130		2014-12-24T13:52:35.406773	189.1298	89.6732	115505607	13647919	13	52	0	0	ucb-ahn	243	Off	16.555	4.00	308.00	8.22	7.75	7.57	0.000	0.000	0.297	0.254	0.010	-0.006	Closed	ControllerReady
2015-01-01T17:02:12.1071		2014-12-24T13:52:35.406773	189.1296	89.6732	115505610	13647928	-3	189	0	0	ucb-ahn	243	Off	16.555	4.00	308.00	8.22	7.75	7.57	0.000	0.000	0.297	0.254	0.010	-0.006	Closed	ControllerReady
