       Date-Time        	TARGET	MIDPTFIN	AZ	EL	AZENCPOS	ELENCPOS	AZENCVEL	ELENCVEL	AZFLWERR	ELFLWERR	OUTFILE	OBSNUM	MODE	AVG_FWHM	M5WIND	M5WINDAZ	TAVERAGE	TM1S210	TM2CAIR	OFFSET_AZ	OFFSET_EL	RMSOFFSET_AZ	RMSOFFSET_EL	AVGOFFSET_AZ	AVGOFFSET_EL	HATCHPOS	EVENT
2015-01-02T17:00:00.0000		2015-01-02T23:43:36.855715	189.1379	89.6741	115508001	13648927	6	-7	0	0	ucsc	98366	Off	0.000	0.00	270.00	8.42	8.21	7.59	0.000	0.000	0.000	0.000	0.000	0.000	Closed	ControllerReady
2015-01-02T17:00:01.0577		2015-01-02T23:43:36.855715	189.1379	89.6741	115507999	13648928	2	-3	0	0	ucsc	98366	Off	0.000	0.00	270.00	8.42	8.21	7.59	0.000	0.000	0.000	0.000	0.000	0.000	Closed	ControllerReady
2015-01-02T17:00:02.0875		2015-01-02T23:43:36.855715	189.1379	89.6741	115508000	13648927	-3	-10	0	0	ucsc	98366	Off	0.000	0.00	270.00	8.42	8.21	7.59	0.000	0.000	0.000	0.000	0.000	0.000	Closed	ControllerReady
2015-01-02T17:00:04.0536		2015-01-02T23:43:36.855715	189.1379	89.6741	115507999	13648929	-7	5	0	0	ucsc	98366	Off	0.000	0.00	270.00	8.41	8.22	7.61	0.000	0.000	0.000	0.000	0.000	0.000	Closed	ControllerReady
2015-01-02T17:00:05.0930		2015-01-02T23:43:36.855715	189.1379	89.6741	115507999	13648930	-1	7	0	0	ucsc	98366	Off	0.000	0.00	270.00	8.41	8.22	7.61	0.000	0.000	0.000	0.000	0.000	0.000	Closed	ControllerReady
2015-01-02T17:00:06.7359		2015-01-02T23:43:36.855715	189.1379	89.6741	115508000	13648926	-2	-7	0	0	ucsc	98366	Off	0.000	0.00	270.00	8.41	8.22	7.61	0.000	0.000	0.000	0.000	0.000	0.000	Closed	ControllerReady
2015-01-02T17:00:08.0689		2015-01-02T23:43:36.855715	189.1379	89.6741	115507999	13648928	1	-1	0	0	ucsc	98366	Off	0.000	0.00	270.00	8.41	8.22	7.61	0.000	0.000	0.000	0.000	0.000	0.000	Closed	ControllerReady
2015-01-02T17:00:09.0874		2015-01-02T23:43:36.855715	189.1379	89.6741	115507999	13648928	1	9	0	0	ucsc	98366	Off	0.000	0.00	270.00	8.41	8.22	7.61	0.000	0.000	0.000	0.000	0.000	0.000	Closed	ControllerReady
2015-01-02T17:00:10.0878		2015-01-02T23:43:36.855715	189.1379	89.6741	115507999	13648927	-5	2	0	0	ucsc	98366	Off	0.000	0.00	270.00	8.41	8.22	7.61	0.000	0.000	0.000	0.000	0.000	0.000	Closed	ControllerReady
2015-01-02T17:00:12.0768		2015-01-02T23:43:36.855715	189.1379	89.6741	115508000	13648927	3	4	0	0	ucsc	98366	Off	0.000	0.00	270.00	8.41	8.22	7.61	0.000	0.000	0.000	0.000	0.000	0.000	Closed	ControllerReady
2015-01-02T17:00:14.0676		2015-01-02T23:43:36.855715	189.1379	89.6741	115508000	13648929	2	4	0	0	ucsc	98366	Off	0.000	0.00	270.00	8.41	8.23	7.61	0.000	0.000	0.000	0.000	0.000	0.000	Closed	ControllerReady
2015-01-02T17:00:15.0688		2015-01-02T23:43:36.855715	189.1379	89.6741	115507999	13648928	-1	-2	0	0	ucsc	98366	Off	0.000	0.00	270.00	8.41	8.23	7.61	0.000	0.000	0.000	0.000	0.000	0.000	Closed	ControllerReady
2015-01-02T17:00:16.0776		2015-01-02T23:43:36.855715	189.1379	89.6741	115507999	13648926	-3	-6	0	0	ucsc	98366	Off	0.000	0.00	270.00	8.41	8.23	7.61	0.000	0.000	0.000	0.000	0.000	0.000	Closed	ControllerReady
2015-01-02T17:00:17.1156		2015-01-02T23:43:36.855715	189.1379	89.6741	115507999	13648929	-3	5	0	0	ucsc	98366	Off	0.000	0.00	270.00	8.41	8.23	7.61	0.000	0.000	0.000	0.000	0.000	0.000	Closed	ControllerReady
2015-01-02T17:00:19.0651		2015-01-02T23:43:36.855715	189.1379	89.6741	115508000	13648926	0	-9	0	0	ucsc	98366	Off	0.000	0.00	270.00	8.41	8.22	7.60	0.000	0.000	0.000	0.000	0.000	0.000	Closed	ControllerReady
2015-01-02T17:00:20.0856		2015-01-02T23:43:36.855715	189.1379	89.6741	115507999	13648925	-3	-11	0	0	ucsc	98366	Off	0.000	0.00	270.00	8.41	8.22	7.60	0.000	0.000	0.000	0.000	0.000	0.000	Closed	ControllerReady
2015-01-02T17:00:22.0884		2015-01-02T23:43:36.855715	189.1379	89.6741	115508000	13648926	3	-6	0	0	ucsc	98366	Off	0.000	0.00	270.00	8.41	8.22	7.60	0.000	0.000	0.000	0.000	0.000	0.000	Closed	ControllerReady
2015-01-02T17:00:24.0791		2015-01-02T23:43:36.855715	189.1379	89.6741	115508000	13648928	4	5	0	0	ucsc	98366	Off	0.000	0.00	270.00	8.42	8.21	7.59	0.000	0.000	0.000	0.000	0.000	0.000	Closed	ControllerReady
2015-01-02T17:00:25.3742		2015-01-02T23:43:36.855715	189.1379	89.6741	115507998	13648924	-5	-3	0	0	ucsc	98366	Off	0.000	0.00	270.00	8.42	8.21	7.59	0.000	0.000	0.000	0.000	0.000	0.000	Closed	ControllerReady
2015-01-02T17:00:27.0911		2015-01-02T23:43:36.855715	189.1379	89.6741	115508000	13648926	-3	-6	0	0	ucsc	98366	Off	0.000	0.00	270.00	8.42	8.21	7.59	0.000	0.000	0.000	0.000	0.000	0.000	Closed	ControllerReady
2015-01-02T17:00:28.0929		2015-01-02T23:43:36.855715	189.1379	89.6741	115508000	13648931	4	-1	0	0	ucsc	98366	Off	0.000	0.00	270.00	8.41	8.22	7.60	0.000	0.000	0.000	0.000	0.000	0.000	Closed	ControllerReady
2015-01-02T17:00:30.0611		2015-01-02T23:43:36.855715	189.1379	89.6741	115508000	13648927	-6	-1	0	0	ucsc	98366	Off	0.000	0.00	270.00	8.41	8.22	7.60	0.000	0.000	0.000	0.000	0.000	0.000	Closed	ControllerReady
2015-01-02T17:00:31.0873		2015-01-02T23:43:36.855715	189.1379	89.6741	115508000	13648928	3	4	0	0	ucsc	98366	Off	0.000	0.00	270.00	8.41	8.22	7.60	0.000	0.000	0.000	0.000	0.000	0.000	Closed	ControllerReady
2015-01-02T17:00:32.1020		2015-01-02T23:43:36.855715	189.1379	89.6741	115508000	13648926	3	-8	0	0	ucsc	98366	Off	0.000	0.00	270.00	8.41	8.22	7.60	0.000	0.000	0.000	0.000	0.000	0.000	Closed	ControllerReady
2015-01-02T17:00:33.1029		2015-01-02T23:43:36.855715	189.1379	89.6741	115508000	13648930	-2	-5	0	0	ucsc	98366	Off	0.000	0.00	270.00	8.41	8.21	7.60	0.000	0.000	0.000	0.000	0.000	0.000	Closed	ControllerReady
2015-01-02T17:00:34.1047		2015-01-02T23:43:36.855715	189.1379	89.6741	115507999	13648930	-2	8	0	0	ucsc	98366	Off	0.000	0.00	270.00	8.41	8.21	7.60	0.000	0.000	0.000	0.000	0.000	0.000	Closed	ControllerReady
2015-01-02T17:00:36.1027		2015-01-02T23:43:36.855715	189.1379	89.6741	115508000	13648926	1	-5	0	0	ucsc	98366	Off	0.000	0.00	270.00	8.41	8.21	7.60	0.000	0.000	0.000	0.000	0.000	0.000	Closed	ControllerReady
2015-01-02T17:00:37.1158		2015-01-02T23:43:36.855715	189.1379	89.6741	115507999	13648927	1	2	0	0	ucsc	98366	Off	0.000	0.00	270.00	8.41	8.21	7.60	0.000	0.000	0.000	0.000	0.000	0.000	Closed	ControllerReady
2015-01-02T17:00:39.0961		2015-01-02T23:43:36.855715	189.1379	89.6741	115508000	13648928	1	3	0	0	ucsc	98366	Off	0.000	0.00	270.00	8.41	8.20	7.60	0.000	0.000	0.000	0.000	0.000	0.000	Closed	ControllerReady
2015-01-02T17:00:40.1201		2015-01-02T23:43:36.855715	189.1379	89.6741	115508000	13648928	-2	4	0	0	ucsc	98366	Off	0.000	0.00	270.00	8.41	8.20	7.60	0.000	0.000	0.000	0.000	0.000	0.000	Closed	ControllerReady
2015-01-02T17:00:41.2242		2015-01-02T23:43:36.855715	189.1379	89.6741	115508000	13648927	2	-5	0	0	ucsc	98366	Off	0.000	0.00	270.00	8.41	8.20	7.60	0.000	0.000	0.000	0.000	0.000	0.000	Closed	ControllerReady
2015-01-02T17:00:42.6022		2015-01-02T23:43:36.855715	189.1379	89.6741	115508000	13648927	-1	-6	0	0	ucsc	98366	Off	0.000	0.00	270.00	8.41	8.21	7.60	0.000	0.000	0.000	0.000	0.000	0.000	Closed	ControllerReady
2015-01-02T17:00:44.0651		2015-01-02T23:43:36.855715	189.1379	89.6741	115508000	13648927	2	1	0	0	ucsc	98366	Off	0.000	0.00	270.00	8.41	8.21	7.60	0.000	0.000	0.000	0.000	0.000	0.000	Closed	ControllerReady
2015-01-02T17:00:45.0670		2015-01-02T23:43:36.855715	189.1379	89.6741	115508000	13648925	2	-5	0	0	ucsc	98366	Off	0.000	0.00	270.00	8.41	8.21	7.60	0.000	0.000	0.000	0.000	0.000	0.000	Closed	ControllerReady
2015-01-02T17:00:46.0723		2015-01-02T23:43:36.855715	189.1379	89.6741	115508001	13648926	6	-4	0	0	ucsc	98366	Off	0.000	0.00	270.00	8.41	8.21	7.60	0.000	0.000	0.000	0.000	0.000	0.000	Closed	ControllerReady
2015-01-02T17:00:47.0739		2015-01-02T23:43:36.855715	189.1379	89.6741	115508000	13648927	1	-4	0	0	ucsc	98366	Off	0.000	0.00	270.00	8.41	8.21	7.60	0.000	0.000	0.000	0.000	0.000	0.000	Closed	ControllerReady
2015-01-02T17:00:48.3599		2015-01-02T23:43:36.855715	189.1379	89.6741	115508000	13648928	-4	5	0	0	ucsc	98366	Off	0.000	0.00	270.00	8.40	8.21	7.61	0.000	0.000	0.000	0.000	0.000	0.000	Closed	ControllerReady
2015-01-02T17:00:50.0599		2015-01-02T23:43:36.855715	189.1379	89.6741	115508000	13648925	1	-6	0	0	ucsc	98366	Off	0.000	0.00	270.00	8.40	8.21	7.61	0.000	0.000	0.000	0.000	0.000	0.000	Closed	ControllerReady
2015-01-02T17:00:51.0648		2015-01-02T23:43:36.855715	189.1379	89.6741	115508000	13648925	2	-9	0	0	ucsc	98366	Off	0.000	0.00	270.00	8.40	8.21	7.61	0.000	0.000	0.000	0.000	0.000	0.000	Closed	ControllerReady
2015-01-02T17:00:52.0733		2015-01-02T23:43:36.855715	189.1379	89.6741	115507999	13648926	2	-4	0	0	ucsc	98366	Off	0.000	0.00	270.00	8.40	8.21	7.61	0.000	0.000	0.000	0.000	0.000	0.000	Closed	ControllerReady
2015-01-02T17:00:54.0622		2015-01-02T23:43:36.855715	189.1379	89.6741	115507999	13648929	2	6	0	0	ucsc	98366	Off	0.000	0.00	270.00	8.41	8.22	7.60	0.000	0.000	0.000	0.000	0.000	0.000	Closed	ControllerReady
2015-01-02T17:00:55.0757		2015-01-02T23:43:36.855715	189.1379	89.6741	115508000	13648928	-3	3	0	0	ucsc	98366	Off	0.000	0.00	270.00	8.41	8.22	7.60	0.000	0.000	0.000	0.000	0.000	0.000	Closed	ControllerReady
2015-01-02T17:00:56.1109		2015-01-02T23:43:36.855715	189.1379	89.6741	115508000	13648927	1	-3	0	0	ucsc	98366	Off	0.000	0.00	270.00	8.41	8.22	7.60	0.000	0.000	0.000	0.000	0.000	0.000	Closed	ControllerReady
2015-01-02T17:00:57.5860		2015-01-02T23:43:36.855715	189.1379	89.6741	115507999	13648925	-8	-5	0	0	ucsc	98366	Off	0.000	0.00	270.00	8.41	8.22	7.60	0.000	0.000	0.000	0.000	0.000	0.000	Closed	ControllerReady
2015-01-02T17:00:58.7220		2015-01-02T23:43:36.855715	189.1379	89.6741	115507997	13648926	-12	-5	0	0	ucsc	98366	Off	0.000	0.00	300.00	8.41	8.22	7.60	0.000	0.000	0.000	0.000	0.000	0.000	Closed	ControllerReady
2015-01-02T17:01:00.0750		2015-01-02T23:43:36.855715	189.1379	89.6741	115507999	13648928	2	4	0	0	ucsc	98366	Off	0.000	0.00	300.00	8.41	8.22	7.60	0.000	0.000	0.000	0.000	0.000	0.000	Closed	ControllerReady
2015-01-02T17:01:02.0918		2015-01-02T23:43:36.855715	189.1379	89.6741	115507999	13648926	-2	-4	0	0	ucsc	98366	Off	0.000	0.00	300.00	8.41	8.22	7.60	0.000	0.000	0.000	0.000	0.000	0.000	Closed	ControllerReady
2015-01-02T17:01:03.1169		2015-01-02T23:43:36.855715	189.1379	89.6741	115507999	13648927	2	-1	0	0	ucsc	98366	Off	0.000	0.00	300.00	8.40	8.21	7.60	0.000	0.000	0.000	0.000	0.000	0.000	Closed	ControllerReady
2015-01-02T17:01:04.2130		2015-01-02T23:43:36.855715	189.1379	89.6741	115507999	13648928	1	-1	0	0	ucsc	98366	Off	0.000	0.00	300.00	8.40	8.21	7.60	0.000	0.000	0.000	0.000	0.000	0.000	Closed	ControllerReady
2015-01-02T17:01:05.3108		2015-01-02T23:43:36.855715	189.1379	89.6741	115507999	13648926	-4	7	0	0	ucsc	98366	Off	0.000	0.00	300.00	8.40	8.21	7.60	0.000	0.000	0.000	0.000	0.000	0.000	Closed	ControllerReady
2015-01-02T17:01:07.1148		2015-01-02T23:43:36.855715	189.1379	89.6741	115507999	13648928	1	5	0	0	ucsc	98366	Off	0.000	0.00	300.00	8.40	8.21	7.60	0.000	0.000	0.000	0.000	0.000	0.000	Closed	ControllerReady
2015-01-02T17:01:09.0698		2015-01-02T23:43:36.855715	189.1379	89.6741	115508000	13648927	2	-1	0	0	ucsc	98366	Off	0.000	0.00	300.00	8.41	8.21	7.60	0.000	0.000	0.000	0.000	0.000	0.000	Closed	ControllerReady
2015-01-02T17:01:10.0708		2015-01-02T23:43:36.855715	189.1379	89.6741	115507999	13648924	-2	-12	0	0	ucsc	98366	Off	0.000	0.00	300.00	8.41	8.21	7.60	0.000	0.000	0.000	0.000	0.000	0.000	Closed	ControllerReady
2015-01-02T17:01:11.0903		2015-01-02T23:43:36.855715	189.1379	89.6741	115507999	13648926	-1	-3	0	0	ucsc	98366	Off	0.000	0.00	300.00	8.41	8.21	7.60	0.000	0.000	0.000	0.000	0.000	0.000	Closed	ControllerReady
2015-01-02T17:01:12.1018		2015-01-02T23:43:36.855715	189.1379	89.6741	115507999	13648926	-1	-5	0	0	ucsc	98366	Off	0.000	0.00	300.00	8.41	8.21	7.60	0.000	0.000	0.000	0.000	0.000	0.000	Closed	ControllerReady
2015-01-02T17:01:14.0780		2015-01-02T23:43:36.855715	189.1379	89.6741	115508000	13648927	6	-4	0	0	ucsc	98366	Off	0.000	0.00	300.00	8.41	8.21	7.60	0.000	0.000	0.000	0.000	0.000	0.000	Closed	ControllerReady
2015-01-02T17:01:15.0848		2015-01-02T23:43:36.855715	189.1379	89.6741	115508000	13648927	2	12	0	0	ucsc	98366	Off	0.000	0.00	300.00	8.41	8.21	7.60	0.000	0.000	0.000	0.000	0.000	0.000	Closed	ControllerReady
2015-01-02T17:01:16.2805		2015-01-02T23:43:36.855715	189.1379	89.6741	115507999	13648928	-2	6	0	0	ucsc	98366	Off	0.000	0.00	300.00	8.41	8.21	7.60	0.000	0.000	0.000	0.000	0.000	0.000	Closed	ControllerReady
2015-01-02T17:01:17.5740		2015-01-02T23:43:36.855715	189.1379	89.6741	115507999	13648928	-1	5	0	0	ucsc	98366	Off	0.000	0.00	300.00	8.41	8.21	7.60	0.000	0.000	0.000	0.000	0.000	0.000	Closed	ControllerReady
2015-01-02T17:01:19.0943		2015-01-02T23:43:36.855715	189.1379	89.6741	115507999	13648924	-1	6	0	0	ucsc	98366	Off	0.000	0.00	300.00	8.41	8.22	7.60	0.000	0.000	0.000	0.000	0.000	0.000	Closed	ControllerReady
2015-01-02T17:01:20.0989		2015-01-02T23:43:36.855715	189.1379	89.6741	115507999	13648924	3	-10	0	0	ucsc	98366	Off	0.000	0.00	300.00	8.41	8.22	7.60	0.000	0.000	0.000	0.000	0.000	0.000	Closed	ControllerReady
2015-01-02T17:01:21.1292		2015-01-02T23:43:36.855715	189.1379	89.6741	115508000	13648926	0	-3	0	0	ucsc	98366	Off	0.000	0.00	300.00	8.41	8.22	7.60	0.000	0.000	0.000	0.000	0.000	0.000	Closed	ControllerReady
2015-01-02T17:01:22.5674		2015-01-02T23:43:36.855715	189.1379	89.6741	115507999	13648928	-2	8	0	0	ucsc	98366	Off	0.000	0.00	300.00	8.40	8.22	7.60	0.000	0.000	0.000	0.000	0.000	0.000	Closed	ControllerReady
2015-01-02T17:01:24.0732		2015-01-02T23:43:36.855715	189.1379	89.6741	115507999	13648926	-2	5	0	0	ucsc	98366	Off	0.000	0.00	300.00	8.40	8.22	7.60	0.000	0.000	0.000	0.000	0.000	0.000	Closed	ControllerReady
2015-01-02T17:01:25.5933		2015-01-02T23:43:36.855715	189.1379	89.6741	115507999	13648926	-1	-2	0	0	ucsc	98366	Off	0.000	0.00	300.00	8.40	8.22	7.60	0.000	0.000	0.000	0.000	0.000	0.000	Closed	ControllerReady
2015-01-02T17:01:26.6707		2015-01-02T23:43:36.855715	189.1379	89.6741	115507999	13648927	-1	-3	0	0	ucsc	98366	Off	0.000	0.00	300.00	8.40	8.22	7.60	0.000	0.000	0.000	0.000	0.000	0.000	Closed	ControllerReady
2015-01-02T17:01:27.7638		2015-01-02T23:43:36.855715	189.1379	89.6741	115508000	13648927	-2	6	0	0	ucsc	98366	Off	0.000	0.00	300.00	8.41	8.21	7.61	0.000	0.000	0.000	0.000	0.000	0.000	Closed	ControllerReady
2015-01-02T17:01:28.8570		2015-01-02T23:43:36.855715	189.1379	89.6741	115507999	13648926	2	2	0	0	ucsc	98366	Off	0.000	0.00	300.00	8.41	8.21	7.61	0.000	0.000	0.000	0.000	0.000	0.000	Closed	ControllerReady
2015-01-02T17:01:30.0814		2015-01-02T23:43:36.855715	189.1379	89.6741	115507998	13648924	-3	-7	0	0	ucsc	98366	Off	0.000	0.00	300.00	8.41	8.21	7.61	0.000	0.000	0.000	0.000	0.000	0.000	Closed	ControllerReady
2015-01-02T17:01:31.0889		2015-01-02T23:43:36.855715	189.1379	89.6741	115507998	13648925	-2	-9	0	0	ucsc	98366	Off	0.000	0.00	300.00	8.41	8.21	7.61	0.000	0.000	0.000	0.000	0.000	0.000	Closed	ControllerReady
2015-01-02T17:01:32.1312		2015-01-02T23:43:36.855715	189.1379	89.6741	115507999	13648924	3	-3	0	0	ucsc	98366	Off	0.000	0.00	300.00	8.41	8.21	7.61	0.000	0.000	0.000	0.000	0.000	0.000	Closed	ControllerReady
2015-01-02T17:01:34.0651		2015-01-02T23:43:36.855715	189.1379	89.6741	115507999	13648926	2	5	0	0	ucsc	98366	Off	0.000	0.00	300.00	8.40	8.22	7.60	0.000	0.000	0.000	0.000	0.000	0.000	Closed	ControllerReady
2015-01-02T17:01:36.0682		2015-01-02T23:43:36.855715	189.1379	89.6741	115507999	13648924	2	-1	0	0	ucsc	98366	Off	0.000	0.00	300.00	8.40	8.22	7.60	0.000	0.000	0.000	0.000	0.000	0.000	Closed	ControllerReady
2015-01-02T17:01:37.0782		2015-01-02T23:43:36.855715	189.1379	89.6741	115507999	13648924	2	-3	0	0	ucsc	98366	Off	0.000	0.00	300.00	8.40	8.22	7.60	0.000	0.000	0.000	0.000	0.000	0.000	Closed	ControllerReady
2015-01-02T17:01:38.1615		2015-01-02T23:43:36.855715	189.1379	89.6741	115508000	13648924	2	5	0	0	ucsc	98366	Off	0.000	0.00	300.00	8.40	8.22	7.59	0.000	0.000	0.000	0.000	0.000	0.000	Closed	ControllerReady
2015-01-02T17:01:40.1329		2015-01-02T23:43:36.855715	189.1379	89.6741	115508000	13648924	-4	3	0	0	ucsc	98366	Off	0.000	0.00	300.00	8.40	8.22	7.59	0.000	0.000	0.000	0.000	0.000	0.000	Closed	ControllerReady
2015-01-02T17:01:42.1257		2015-01-02T23:43:36.855715	189.1379	89.6741	115508000	13648926	5	1	0	0	ucsc	98366	Off	0.000	0.00	300.00	8.40	8.22	7.59	0.000	0.000	0.000	0.000	0.000	0.000	Closed	ControllerReady
2015-01-02T17:01:43.6464		2015-01-02T23:43:36.855715	189.1379	89.6741	115507998	13648926	1	-10	0	0	ucsc	98366	Off	0.000	0.00	300.00	8.40	8.24	7.60	0.000	0.000	0.000	0.000	0.000	0.000	Closed	ControllerReady
2015-01-02T17:01:44.7374		2015-01-02T23:43:36.855715	189.1379	89.6741	115508000	13648923	-7	2	0	0	ucsc	98366	Off	0.000	0.00	300.00	8.40	8.24	7.60	0.000	0.000	0.000	0.000	0.000	0.000	Closed	ControllerReady
2015-01-02T17:01:46.0573		2015-01-02T23:43:36.855715	189.1379	89.6741	115507998	13648924	2	2	0	0	ucsc	98366	Off	0.000	0.00	300.00	8.40	8.24	7.60	0.000	0.000	0.000	0.000	0.000	0.000	Closed	ControllerReady
2015-01-02T17:01:47.4726		2015-01-02T23:43:36.855715	189.1379	89.6741	115507998	13648924	1	-3	0	0	ucsc	98366	Off	0.000	0.00	300.00	8.40	8.24	7.60	0.000	0.000	0.000	0.000	0.000	0.000	Closed	ControllerReady
2015-01-02T17:01:48.5735		2015-01-02T23:43:36.855715	189.1379	89.6741	115507999	13648924	1	-1	0	0	ucsc	98366	Off	0.000	0.00	300.00	8.40	8.22	7.61	0.000	0.000	0.000	0.000	0.000	0.000	Closed	ControllerReady
2015-01-02T17:01:50.0817		2015-01-02T23:43:36.855715	189.1379	89.6741	115507999	13648925	-5	3	0	0	ucsc	98366	Off	0.000	0.00	300.00	8.40	8.22	7.61	0.000	0.000	0.000	0.000	0.000	0.000	Closed	ControllerReady
2015-01-02T17:01:51.8553		2015-01-02T23:43:36.855715	189.1379	89.6741	115508001	13648924	1	-3	0	0	ucsc	98366	Off	0.000	0.00	300.00	8.40	8.22	7.61	0.000	0.000	0.000	0.000	0.000	0.000	Closed	ControllerReady
2015-01-02T17:01:52.9477		2015-01-02T23:43:36.855715	189.1379	89.6741	115508000	13648924	5	-4	0	0	ucsc	98366	Off	0.000	0.00	300.00	8.40	8.23	7.60	0.000	0.000	0.000	0.000	0.000	0.000	Closed	ControllerReady
2015-01-02T17:01:54.0744		2015-01-02T23:43:36.855715	189.1379	89.6741	115508000	13648925	1	1	0	0	ucsc	98366	Off	0.000	0.00	300.00	8.40	8.23	7.60	0.000	0.000	0.000	0.000	0.000	0.000	Closed	ControllerReady
2015-01-02T17:01:55.0770		2015-01-02T23:43:36.855715	189.1379	89.6741	115507999	13648924	-3	22	0	0	ucsc	98366	Off	0.000	0.00	300.00	8.40	8.23	7.60	0.000	0.000	0.000	0.000	0.000	0.000	Closed	ControllerReady
2015-01-02T17:01:56.1026		2015-01-02T23:43:36.855715	189.1379	89.6741	115508000	13648928	2	11	0	0	ucsc	98366	Off	0.000	0.00	300.00	8.40	8.23	7.60	0.000	0.000	0.000	0.000	0.000	0.000	Closed	ControllerReady
2015-01-02T17:01:57.5711		2015-01-02T23:43:36.855715	189.1379	89.6741	115507999	13648924	3	-2	0	0	ucsc	98366	Off	0.000	0.00	300.00	8.41	8.23	7.60	0.000	0.000	0.000	0.000	0.000	0.000	Closed	ControllerReady
2015-01-02T17:01:59.0679		2015-01-02T23:43:36.855715	189.1379	89.6741	115507999	13648926	4	3	0	0	ucsc	98366	Off	0.000	0.00	300.00	8.41	8.21	7.59	0.000	0.000	0.000	0.000	0.000	0.000	Closed	ControllerReady
2015-01-02T17:02:00.0718		2015-01-02T23:43:36.855715	189.1379	89.6741	115507999	13648924	-1	-5	0	0	ucsc	98366	Off	0.000	0.00	300.00	8.41	8.21	7.59	0.000	0.000	0.000	0.000	0.000	0.000	Closed	ControllerReady
2015-01-02T17:02:01.0947		2015-01-02T23:43:36.855715	189.1379	89.6741	115508000	13648925	3	2	0	0	ucsc	98366	Off	0.000	0.00	300.00	8.41	8.21	7.59	0.000	0.000	0.000	0.000	0.000	0.000	Closed	ControllerReady
2015-01-02T17:02:02.5675		2015-01-02T23:43:36.855715	189.1379	89.6741	115507999	13648925	3	0	0	0	ucsc	98366	Off	0.000	0.00	300.00	8.40	8.21	7.59	0.000	0.000	0.000	0.000	0.000	0.000	Closed	ControllerReady
2015-01-02T17:02:04.0720		2015-01-02T23:43:36.855715	189.1379	89.6741	115507999	13648925	3	0	0	0	ucsc	98366	Off	0.000	0.00	300.00	8.40	8.22	7.61	0.000	0.000	0.000	0.000	0.000	0.000	Closed	ControllerReady
2015-01-02T17:02:05.0927		2015-01-02T23:43:36.855715	189.1379	89.6741	115507999	13648925	0	0	0	0	ucsc	98366	Off	0.000	0.00	300.00	8.40	8.22	7.61	0.000	0.000	0.000	0.000	0.000	0.000	Closed	ControllerReady
2015-01-02T17:02:06.6240		2015-01-02T23:43:36.855715	189.1379	89.6741	115507998	13648925	-7	-6	0	0	ucsc	98366	Off	0.000	0.00	300.00	8.40	8.22	7.61	0.000	0.000	0.000	0.000	0.000	0.000	Closed	ControllerReady
2015-01-02T17:02:08.0735		2015-01-02T23:43:36.855715	189.1379	89.6741	115508000	13648927	2	-1	0	0	ucsc	98366	Off	0.000	0.00	300.00	8.40	8.20	7.60	0.000	0.000	0.000	0.000	0.000	0.000	Closed	ControllerReady
2015-01-02T17:02:09.3573		2015-01-02T23:43:36.855715	189.1379	89.6741	115508000	13648926	-2	2	0	0	ucsc	98366	Off	0.000	0.00	300.00	8.40	8.20	7.60	0.000	0.000	0.000	0.000	0.000	0.000	Closed	ControllerReady
2015-01-02T17:02:11.0818		2015-01-02T23:43:36.855715	189.1379	89.6741	115507999	13648924	-2	-1	0	0	ucsc	98366	Off	0.000	0.00	300.00	8.40	8.20	7.60	0.000	0.000	0.000	0.000	0.000	0.000	Closed	ControllerReady
